371, 2,  8/26/2002
-2.18 0.2009 
-2.07 0.2007 
-1.97 0.2015 
-1.86 0.2013 
-1.75 0.2013 
-1.64 0.2011 
-1.53 0.2008 
-1.42 0.2010 
-1.31 0.2006 
-1.20 0.2001 
-1.09 0.1997 
-0.98 0.2009 
-0.87 0.2011 
-0.76 0.2002 
-0.65 0.2011 
-0.54 0.2014 
-0.43 0.2013 
-0.32 0.2014 
-0.22 0.2012 
-0.11 0.2015 
0.00 0.2018 
0.11 0.2083 
0.22 0.2011 
0.33 0.2018 
0.44 0.2025 
0.55 0.2027 
0.66 0.2036 
0.77 0.2048 
0.88 0.2072 
0.99 0.2092 
1.10 0.2139 
1.21 0.2177 
1.32 0.2216 
1.43 0.2280 
1.53 0.2341 
1.64 0.2400 
1.75 0.2465 
1.86 0.2531 
1.97 0.2600 
2.08 0.2666 
2.19 0.2740 
2.30 0.2813 
2.41 0.2884 
2.52 0.2962 
2.63 0.3027 
2.74 0.3107 
2.85 0.3170 
2.96 0.3240 
3.07 0.3313 
3.18 0.3377 
3.28 0.3445 
3.39 0.3506 
3.50 0.3571 
3.61 0.3628 
3.72 0.3687 
3.83 0.3749 
3.94 0.3812 
4.05 0.3868 
4.16 0.3915 
4.27 0.3969 
4.38 0.4013 
4.49 0.4063 
4.60 0.4110 
4.71 0.4165 
4.82 0.4208 
4.93 0.4245 
5.03 0.4295 
5.14 0.4330 
5.25 0.4377 
5.36 0.4418 
5.47 0.4453 
5.58 0.4484 
5.69 0.4523 
5.80 0.4563 
5.91 0.4597 
6.02 0.4623 
6.13 0.4654 
6.24 0.4681 
6.35 0.4717 
6.46 0.4742 
6.57 0.4764 
6.68 0.4804 
6.78 0.4828 
6.89 0.4854 
7.00 0.4874 
7.11 0.4894 
7.22 0.4927 
7.33 0.4946 
7.44 0.4969 
7.55 0.4983 
7.66 0.5007 
7.77 0.5034 
7.88 0.5045 
7.99 0.5063 
8.10 0.5082 
8.21 0.5103 
8.32 0.5114 
8.43 0.5143 
8.53 0.5160 
8.64 0.5177 
8.75 0.5194 
8.86 0.5206 
8.97 0.5221 
9.08 0.5240 
9.19 0.5250 
9.30 0.5264 
9.41 0.5277 
9.52 0.5295 
9.63 0.5297 
9.74 0.5312 
9.85 0.5324 
9.96 0.5339 
10.07 0.5352 
10.18 0.5360 
10.28 0.5376 
10.39 0.5386 
10.50 0.5404 
10.61 0.5412 
10.72 0.5416 
10.83 0.5429 
10.94 0.5431 
11.05 0.5447 
11.16 0.5454 
11.27 0.5470 
11.38 0.5476 
11.49 0.5477 
11.60 0.5488 
11.71 0.5501 
11.82 0.5505 
11.93 0.5507 
12.03 0.5514 
12.14 0.5525 
12.25 0.5539 
12.36 0.5540 
12.47 0.5540 
12.58 0.5543 
12.69 0.5557 
12.80 0.5562 
12.91 0.5569 
13.02 0.5575 
13.13 0.5578 
13.24 0.5578 
13.35 0.5592 
13.46 0.5593 
13.57 0.5605 
13.68 0.5602 
13.78 0.5609 
13.89 0.5623 
14.00 0.5622 
14.11 0.5625 
14.22 0.5626 
14.33 0.5630 
14.44 0.5636 
14.55 0.5634 
14.66 0.5643 
14.77 0.5644 
14.88 0.5644 
14.99 0.5647 
15.10 0.5656 
15.21 0.5651 
15.32 0.5657 
15.43 0.5659 
15.53 0.5666 
15.64 0.5667 
15.75 0.5674 
15.86 0.5677 
15.97 0.5679 
16.08 0.5682 
16.19 0.5678 
16.30 0.5687 
16.41 0.5695 
16.52 0.5690 
16.63 0.5691 
16.74 0.5699 
16.85 0.5695 
16.96 0.5699 
17.07 0.5694 
17.18 0.5691 
17.28 0.5701 
17.39 0.5711 
17.50 0.5705 
17.61 0.5706 
17.72 0.5709 
17.83 0.5704 
17.94 0.5712 
18.05 0.5702 
18.16 0.5715 
18.27 0.5711 
18.38 0.5720 
18.49 0.5717 
18.60 0.5714 
18.71 0.5715 
18.82 0.5713 
18.93 0.5714 
19.03 0.5713 
19.14 0.5708 
19.25 0.5722 
19.36 0.5722 
19.47 0.5722 
19.58 0.5717 
19.69 0.5725 
19.80 0.5721 
19.91 0.5725 
20.02 0.5727 
20.13 0.5729 
20.24 0.5725 
20.35 0.5725 
20.46 0.5730 
20.57 0.5730 
20.68 0.5726 
20.78 0.5724 
20.89 0.5722 
21.00 0.5727 
21.11 0.5728 
21.22 0.5729 
21.33 0.5728 
21.44 0.5720 
21.55 0.5725 
21.66 0.5726 
21.77 0.5730 
21.88 0.5730 
21.99 0.5732 
22.10 0.5722 
22.21 0.5720 
22.32 0.5722 
22.43 0.5719 
22.53 0.5722 
22.64 0.5724 
22.75 0.5726 
22.86 0.5710 
22.97 0.5711 
23.08 0.5712 
23.19 0.5720 
23.30 0.5718 
23.41 0.5712 
23.52 0.5705 
23.63 0.5709 
23.74 0.5711 
23.85 0.5708 
23.96 0.5701 
24.07 0.5710 
24.18 0.5703 
24.28 0.5700 
24.39 0.5701 
24.50 0.5702 
24.61 0.5706 
24.72 0.5700 
24.83 0.5704 
24.94 0.5695 
25.05 0.5698 
25.16 0.5700 
25.27 0.5696 
25.38 0.5692 
25.49 0.5695 
25.60 0.5698 
25.71 0.5685 
25.82 0.5682 
25.93 0.5684 
26.03 0.5688 
26.14 0.5691 
26.25 0.5688 
26.36 0.5684 
26.47 0.5688 
26.58 0.5684 
26.69 0.5680 
26.80 0.5682 
26.91 0.5672 
27.02 0.5678 
27.13 0.5680 
27.24 0.5675 
27.35 0.5672 
27.46 0.5667 
27.57 0.5668 
27.68 0.5673 
27.78 0.5668 
27.89 0.5662 
28.00 0.5670 
28.11 0.5652 
28.22 0.5662 
28.33 0.5661 
28.44 0.5655 
28.55 0.5653 
28.66 0.5647 
28.77 0.5653 
28.88 0.5652 
28.99 0.5642 
29.10 0.5643 
29.21 0.5648 
29.32 0.5643 
29.43 0.5641 
29.53 0.5639 
29.64 0.5637 
29.75 0.5642 
29.86 0.5630 
29.97 0.5632 
30.08 0.5625 
30.19 0.5632 
30.30 0.5626 
30.41 0.5627 
30.52 0.5622 
30.63 0.5620 
30.74 0.5621 
30.85 0.5618 
30.96 0.5617 
31.07 0.5613 
31.18 0.5615 
31.28 0.5606 
31.39 0.5603 
31.50 0.5600 
31.61 0.5605 
31.72 0.5595 
31.83 0.5587 
31.94 0.5588 
32.05 0.5590 
32.16 0.5589 
32.27 0.5588 
32.38 0.5582 
32.49 0.5589 
32.60 0.5592 
32.71 0.5585 
32.82 0.5588 
32.93 0.5579 
33.03 0.5583 
33.14 0.5578 
33.25 0.5582 
33.36 0.5580 
33.47 0.5571 
33.58 0.5569 
33.69 0.5568 
33.80 0.5569 
33.91 0.5562 
34.02 0.5565 
34.13 0.5561 
34.24 0.5558 
34.35 0.5545 
34.46 0.5548 
34.57 0.5555 
34.68 0.5550 
34.78 0.5549 
34.89 0.5541 
35.00 0.5539 
35.11 0.5538 
35.22 0.5535 
35.33 0.5548 
35.44 0.5538 
35.55 0.5532 
35.66 0.5538 
35.77 0.5530 
35.88 0.5527 
35.99 0.5535 
36.10 0.5531 
36.21 0.5527 
36.32 0.5524 
36.43 0.5524 
36.53 0.5518 
36.64 0.5514 
36.75 0.5505 
36.86 0.5519 
36.97 0.5512 
37.08 0.5496 
37.19 0.5510 
37.30 0.5511 
37.41 0.5505 
37.52 0.5505 
37.63 0.5502 
37.74 0.5497 
37.85 0.5493 
37.96 0.5500 
38.07 0.5495 
38.18 0.5492 
38.46 0.5484 
