421, 2,  8/26/2002
-2.19 0.6218 
-2.08 0.6227 
-1.97 0.6221 
-1.86 0.6223 
-1.75 0.6222 
-1.64 0.6214 
-1.53 0.6214 
-1.42 0.6208 
-1.31 0.6215 
-1.20 0.6223 
-1.10 0.6219 
-0.99 0.6225 
-0.88 0.6218 
-0.77 0.6221 
-0.66 0.6198 
-0.55 0.6201 
-0.44 0.6201 
-0.33 0.6203 
-0.22 0.6217 
-0.11 0.6198 
0.00 0.6199 
0.11 0.6358 
0.22 0.6275 
0.33 0.6249 
0.44 0.6255 
0.55 0.6246 
0.65 0.6252 
0.76 0.6253 
0.87 0.6264 
0.98 0.6264 
1.09 0.6258 
1.20 0.6265 
1.31 0.6283 
1.42 0.6282 
1.53 0.6289 
1.64 0.6311 
1.75 0.6318 
1.86 0.6320 
1.97 0.6330 
2.08 0.6356 
2.19 0.6371 
2.30 0.6387 
2.40 0.6426 
2.51 0.6449 
2.62 0.6476 
2.73 0.6506 
2.84 0.6530 
2.95 0.6565 
3.06 0.6598 
3.17 0.6645 
3.28 0.6678 
3.39 0.6736 
3.50 0.6778 
3.61 0.6816 
3.72 0.6864 
3.83 0.6907 
3.94 0.6968 
4.05 0.7019 
4.15 0.7061 
4.26 0.7118 
4.37 0.7169 
4.48 0.7227 
4.59 0.7273 
4.70 0.7336 
4.81 0.7399 
4.92 0.7449 
5.03 0.7503 
5.14 0.7570 
5.25 0.7612 
5.36 0.7672 
5.47 0.7730 
5.58 0.7795 
5.69 0.7836 
5.80 0.7895 
5.90 0.7951 
6.01 0.8007 
6.12 0.8051 
6.23 0.8096 
6.34 0.8168 
6.45 0.8214 
6.56 0.8268 
6.67 0.8312 
6.78 0.8377 
6.89 0.8421 
7.00 0.8463 
7.11 0.8511 
7.22 0.8564 
7.33 0.8612 
7.44 0.8666 
7.55 0.8707 
7.65 0.8759 
7.76 0.8796 
7.87 0.8838 
7.98 0.8883 
8.09 0.8929 
8.20 0.8967 
8.31 0.9016 
8.42 0.9057 
8.53 0.9087 
8.64 0.9124 
8.75 0.9170 
8.86 0.9208 
8.97 0.9226 
9.08 0.9270 
9.19 0.9321 
9.30 0.9343 
9.40 0.9388 
9.51 0.9411 
9.62 0.9448 
9.73 0.9493 
9.84 0.9514 
9.95 0.9549 
10.06 0.9576 
10.17 0.9604 
10.28 0.9623 
10.39 0.9663 
10.50 0.9706 
10.61 0.9729 
10.72 0.9739 
10.83 0.9776 
10.94 0.9806 
11.05 0.9840 
11.15 0.9858 
11.26 0.9877 
11.37 0.9891 
11.48 0.9910 
11.59 0.9932 
11.70 0.9969 
11.81 0.9988 
11.92 1.0017 
12.03 1.0029 
12.14 1.0062 
12.25 1.0075 
12.36 1.0091 
12.47 1.0114 
12.58 1.0126 
12.69 1.0151 
12.80 1.0154 
12.90 1.0177 
13.01 1.0203 
13.12 1.0205 
13.23 1.0232 
13.34 1.0239 
13.45 1.0262 
13.56 1.0276 
13.67 1.0284 
13.78 1.0278 
13.89 1.0302 
14.00 1.0308 
14.11 1.0337 
14.22 1.0360 
14.33 1.0360 
14.44 1.0383 
14.55 1.0379 
14.65 1.0386 
14.76 1.0400 
14.87 1.0419 
14.98 1.0427 
15.09 1.0427 
15.20 1.0442 
15.31 1.0463 
15.42 1.0462 
15.53 1.0458 
15.64 1.0477 
15.75 1.0483 
15.86 1.0489 
15.97 1.0508 
16.08 1.0508 
16.19 1.0521 
16.30 1.0524 
16.40 1.0532 
16.51 1.0530 
16.62 1.0535 
16.73 1.0546 
16.84 1.0545 
16.95 1.0554 
17.06 1.0565 
17.17 1.0564 
17.28 1.0573 
17.39 1.0582 
17.50 1.0576 
17.61 1.0579 
17.72 1.0596 
17.83 1.0586 
17.94 1.0591 
18.05 1.0596 
18.15 1.0612 
18.26 1.0615 
18.37 1.0602 
18.48 1.0606 
18.59 1.0624 
18.70 1.0611 
18.81 1.0625 
18.92 1.0618 
19.03 1.0623 
19.14 1.0626 
19.25 1.0612 
19.36 1.0624 
19.47 1.0634 
19.58 1.0641 
19.69 1.0644 
19.80 1.0625 
19.90 1.0626 
20.01 1.0632 
20.12 1.0636 
20.23 1.0630 
20.34 1.0629 
20.45 1.0646 
20.56 1.0642 
20.67 1.0624 
20.78 1.0639 
20.89 1.0645 
21.00 1.0633 
21.11 1.0642 
21.22 1.0656 
21.33 1.0637 
21.44 1.0640 
21.55 1.0637 
21.65 1.0639 
21.76 1.0639 
21.87 1.0645 
21.98 1.0648 
22.09 1.0651 
22.20 1.0651 
22.31 1.0642 
22.42 1.0636 
22.53 1.0646 
22.64 1.0636 
22.75 1.0640 
22.86 1.0659 
22.97 1.0647 
23.08 1.0643 
23.19 1.0640 
23.30 1.0625 
23.40 1.0634 
23.51 1.0636 
23.62 1.0626 
23.73 1.0629 
23.84 1.0624 
23.95 1.0620 
24.06 1.0620 
24.17 1.0618 
24.28 1.0624 
24.39 1.0624 
24.50 1.0617 
24.61 1.0609 
24.72 1.0611 
24.83 1.0601 
24.94 1.0603 
25.05 1.0599 
25.15 1.0604 
25.26 1.0599 
25.37 1.0592 
25.48 1.0606 
25.59 1.0587 
25.70 1.0589 
25.81 1.0582 
25.92 1.0592 
26.03 1.0586 
26.14 1.0579 
26.25 1.0576 
26.36 1.0571 
26.47 1.0576 
26.58 1.0576 
26.69 1.0577 
26.80 1.0571 
26.90 1.0573 
27.01 1.0558 
27.12 1.0559 
27.23 1.0554 
27.34 1.0551 
27.45 1.0544 
27.56 1.0547 
27.67 1.0542 
27.78 1.0544 
27.89 1.0530 
28.00 1.0530 
28.11 1.0515 
28.22 1.0523 
28.33 1.0512 
28.44 1.0526 
28.55 1.0518 
28.65 1.0506 
28.76 1.0513 
28.87 1.0513 
28.98 1.0510 
29.09 1.0508 
29.20 1.0501 
29.31 1.0495 
29.42 1.0489 
29.53 1.0489 
29.64 1.0486 
29.75 1.0487 
29.86 1.0482 
29.97 1.0487 
30.08 1.0475 
30.19 1.0476 
30.30 1.0455 
30.40 1.0464 
30.51 1.0456 
30.62 1.0456 
30.73 1.0460 
30.84 1.0437 
30.95 1.0444 
31.06 1.0445 
31.17 1.0430 
31.28 1.0431 
31.39 1.0439 
31.50 1.0436 
31.61 1.0421 
31.72 1.0433 
31.83 1.0423 
31.94 1.0414 
32.05 1.0406 
32.15 1.0405 
32.26 1.0408 
32.37 1.0400 
32.48 1.0396 
32.59 1.0392 
32.70 1.0383 
32.81 1.0371 
32.92 1.0382 
33.03 1.0371 
33.14 1.0372 
33.25 1.0364 
33.36 1.0356 
33.47 1.0353 
33.58 1.0359 
33.69 1.0355 
33.80 1.0346 
33.90 1.0342 
34.01 1.0357 
34.12 1.0337 
34.23 1.0326 
34.34 1.0337 
34.45 1.0335 
34.56 1.0330 
34.67 1.0333 
34.78 1.0327 
34.89 1.0320 
35.00 1.0309 
35.11 1.0307 
35.22 1.0307 
35.33 1.0307 
35.44 1.0299 
35.55 1.0303 
35.65 1.0293 
35.76 1.0294 
35.87 1.0282 
35.98 1.0283 
36.09 1.0271 
36.20 1.0272 
36.31 1.0270 
36.42 1.0253 
36.53 1.0269 
36.64 1.0261 
36.75 1.0252 
36.86 1.0253 
36.97 1.0247 
37.08 1.0238 
37.19 1.0232 
37.30 1.0240 
37.40 1.0246 
37.51 1.0225 
37.62 1.0231 
37.73 1.0219 
37.84 1.0215 
37.95 1.0216 
38.06 1.0215 
38.17 1.0212 
38.28 1.0211 
38.39 1.0204 
38.50 1.0187 
38.61 1.0192 
38.72 1.0183 
38.83 1.0187 
38.94 1.0186 
39.05 1.0186 
39.15 1.0187 
39.26 1.0172 
39.37 1.0175 
39.48 1.0160 
39.59 1.0159 
39.70 1.0159 
39.81 1.0151 
39.92 1.0134 
40.03 1.0141 
40.14 1.0135 
40.25 1.0140 
40.36 1.0130 
40.47 1.0131 
40.58 1.0126 
40.69 1.0132 
40.80 1.0122 
40.90 1.0111 
41.01 1.0117 
41.12 1.0109 
41.23 1.0115 
41.34 1.0112 
41.45 1.0108 
41.56 1.0104 
41.67 1.0091 
41.78 1.0095 
41.89 1.0093 
42.00 1.0083 
42.11 1.0082 
42.22 1.0077 
42.33 1.0071 
42.44 1.0069 
42.55 1.0067 
42.65 1.0066 
42.76 1.0067 
42.87 1.0065 
42.98 1.0054 
43.09 1.0041 
43.20 1.0035 
43.31 1.0041 
43.42 1.0024 
43.53 1.0040 
43.64 1.0027 
43.94 1.0026 
