321, 2,  8/26/2002
-2.18 0.2044 
-2.07 0.2046 
-1.97 0.2048 
-1.86 0.2046 
-1.75 0.2042 
-1.64 0.2038 
-1.53 0.2045 
-1.42 0.2048 
-1.31 0.2041 
-1.20 0.2045 
-1.09 0.2032 
-0.98 0.2039 
-0.87 0.2040 
-0.76 0.2033 
-0.65 0.2043 
-0.54 0.2042 
-0.43 0.2037 
-0.32 0.2037 
-0.22 0.2046 
-0.11 0.2041 
0.00 0.2051 
0.11 0.2044 
0.22 0.2048 
0.33 0.2040 
0.44 0.2043 
0.55 0.2041 
0.66 0.2051 
0.77 0.2045 
0.88 0.2044 
0.99 0.2037 
1.10 0.2044 
1.21 0.2051 
1.32 0.2040 
1.43 0.2037 
1.53 0.2042 
1.64 0.2040 
1.75 0.2052 
1.86 0.2045 
1.97 0.2040 
2.08 0.2038 
2.19 0.2047 
2.30 0.2043 
2.41 0.2047 
2.52 0.2050 
2.63 0.2032 
2.74 0.2049 
2.85 0.2047 
2.96 0.2050 
3.07 0.2045 
3.18 0.2048 
3.28 0.2051 
3.39 0.2043 
3.50 0.2044 
3.61 0.2047 
3.72 0.2045 
3.83 0.2045 
3.94 0.2039 
4.05 0.2045 
4.16 0.2050 
4.27 0.2047 
4.38 0.2042 
4.49 0.2045 
4.60 0.2039 
4.71 0.2042 
4.82 0.2048 
4.93 0.2038 
5.03 0.2039 
5.14 0.2034 
5.25 0.2048 
5.36 0.2031 
5.47 0.2041 
5.58 0.2037 
5.69 0.2037 
5.80 0.2042 
5.91 0.2042 
6.02 0.2036 
6.13 0.2037 
6.24 0.2036 
6.35 0.2035 
6.46 0.2039 
6.57 0.2035 
6.68 0.2039 
6.78 0.2035 
6.89 0.2037 
7.00 0.2038 
7.11 0.2039 
7.22 0.2038 
7.33 0.2041 
7.44 0.2038 
7.55 0.2030 
7.66 0.2040 
7.77 0.2034 
7.88 0.2040 
7.99 0.2033 
8.10 0.2049 
8.21 0.2044 
8.32 0.2027 
8.43 0.2044 
8.53 0.2034 
8.64 0.2041 
8.75 0.2037 
8.86 0.2047 
8.97 0.2041 
9.08 0.2033 
9.19 0.2042 
9.30 0.2037 
9.41 0.2038 
9.52 0.2030 
9.63 0.2025 
9.74 0.2028 
9.85 0.2033 
9.96 0.2029 
10.07 0.2031 
10.18 0.2034 
10.28 0.2027 
10.39 0.2027 
10.50 0.2032 
10.61 0.2032 
10.72 0.2027 
10.83 0.2040 
10.94 0.2044 
11.05 0.2028 
11.16 0.2025 
11.27 0.2033 
11.38 0.2033 
11.49 0.2030 
11.60 0.2029 
11.71 0.2030 
11.82 0.2038 
11.93 0.2033 
12.03 0.2028 
12.14 0.2030 
12.25 0.2032 
12.36 0.2034 
12.47 0.2031 
12.58 0.2032 
12.69 0.2036 
12.80 0.2040 
12.91 0.2031 
13.02 0.2037 
13.13 0.2042 
13.24 0.2031 
13.35 0.2035 
13.46 0.2031 
13.57 0.2034 
13.68 0.2031 
13.78 0.2038 
13.89 0.2040 
14.00 0.2033 
14.11 0.2023 
14.22 0.2026 
14.33 0.2030 
14.44 0.2034 
14.55 0.2025 
14.66 0.2028 
14.77 0.2029 
14.88 0.2029 
14.99 0.2022 
15.10 0.2016 
15.21 0.2031 
15.32 0.2028 
15.43 0.2031 
15.53 0.2018 
15.64 0.2031 
15.75 0.2028 
15.86 0.2028 
15.97 0.2025 
16.08 0.2026 
16.19 0.2034 
16.30 0.2026 
16.41 0.2029 
16.52 0.2016 
16.63 0.2036 
16.74 0.2024 
16.85 0.2028 
16.96 0.2021 
17.07 0.2022 
17.18 0.2025 
17.28 0.2025 
17.39 0.2032 
17.50 0.2029 
17.61 0.2035 
17.72 0.2028 
17.83 0.2035 
17.94 0.2027 
18.05 0.2035 
18.16 0.2027 
18.27 0.2023 
18.38 0.2031 
18.49 0.2026 
18.60 0.2030 
18.71 0.2026 
18.82 0.2020 
18.93 0.2026 
19.03 0.2030 
19.14 0.2036 
19.25 0.2031 
19.36 0.2028 
19.47 0.2034 
19.58 0.2032 
19.69 0.2028 
19.80 0.2025 
19.91 0.2030 
20.02 0.2027 
20.13 0.2029 
20.24 0.2032 
20.35 0.2032 
20.46 0.2035 
20.57 0.2029 
20.68 0.2035 
20.78 0.2027 
20.89 0.2028 
21.00 0.2030 
21.11 0.2034 
21.22 0.2019 
21.33 0.2033 
21.44 0.2027 
21.55 0.2035 
21.66 0.2020 
21.77 0.2025 
21.88 0.2027 
21.99 0.2022 
22.10 0.2026 
22.21 0.2024 
22.32 0.2024 
22.43 0.2021 
22.53 0.2033 
22.64 0.2029 
22.75 0.2027 
22.86 0.2027 
22.97 0.2024 
23.08 0.2027 
23.19 0.2024 
23.30 0.2023 
23.41 0.2028 
23.52 0.2030 
23.63 0.2030 
23.74 0.2025 
23.85 0.2020 
23.96 0.2017 
24.07 0.2024 
24.18 0.2019 
24.28 0.2026 
24.39 0.2026 
24.50 0.2024 
24.61 0.2028 
24.72 0.2026 
24.83 0.2028 
24.94 0.2019 
25.05 0.2023 
25.16 0.2026 
25.27 0.2032 
25.38 0.2032 
25.49 0.2019 
25.60 0.2030 
25.71 0.2024 
25.82 0.2013 
25.93 0.2020 
26.03 0.2022 
26.14 0.2018 
26.25 0.2012 
26.36 0.2017 
26.47 0.2018 
26.58 0.2014 
26.69 0.2012 
26.80 0.2013 
26.91 0.2009 
27.02 0.2011 
27.13 0.2014 
27.24 0.2009 
27.35 0.2019 
27.46 0.2007 
27.57 0.2006 
27.68 0.2013 
27.78 0.2013 
27.89 0.2001 
28.00 0.2007 
28.11 0.2010 
28.22 0.2008 
28.33 0.2017 
28.44 0.2016 
28.55 0.2016 
28.66 0.2006 
28.77 0.2009 
28.88 0.2018 
28.99 0.2014 
29.10 0.2009 
29.21 0.2008 
29.32 0.2009 
29.43 0.2007 
29.53 0.2008 
29.64 0.2010 
29.75 0.2010 
29.86 0.2016 
29.97 0.2010 
30.08 0.2001 
30.19 0.2010 
30.30 0.2009 
30.41 0.2009 
30.52 0.2006 
30.63 0.2008 
30.74 0.2004 
30.85 0.2006 
30.96 0.2012 
31.07 0.2004 
31.18 0.2003 
31.28 0.2006 
31.39 0.2008 
31.50 0.2007 
31.61 0.2003 
31.72 0.2008 
31.83 0.2003 
31.94 0.2001 
32.05 0.2017 
32.16 0.2006 
32.27 0.2011 
32.38 0.2006 
32.49 0.2004 
32.60 0.2021 
32.71 0.2017 
33.00 0.2007 
