371, 2,  8/26/2002
-2.18 0.1710 
-2.07 0.1704 
-1.96 0.1705 
-1.85 0.1703 
-1.75 0.1712 
-1.64 0.1705 
-1.53 0.1709 
-1.42 0.1703 
-1.31 0.1704 
-1.20 0.1702 
-1.09 0.1702 
-0.98 0.1704 
-0.87 0.1703 
-0.76 0.1698 
-0.65 0.1697 
-0.54 0.1700 
-0.43 0.1704 
-0.32 0.1700 
-0.21 0.1700 
-0.10 0.1698 
0.00 0.1702 
0.11 0.1819 
0.22 0.1725 
0.33 0.1714 
0.44 0.1711 
0.55 0.1713 
0.66 0.1721 
0.77 0.1726 
0.88 0.1737 
0.99 0.1749 
1.10 0.1746 
1.21 0.1753 
1.32 0.1759 
1.43 0.1764 
1.54 0.1772 
1.65 0.1774 
1.75 0.1779 
1.86 0.1784 
1.97 0.1788 
2.08 0.1801 
2.19 0.1815 
2.30 0.1818 
2.41 0.1841 
2.52 0.1860 
2.63 0.1878 
2.74 0.1883 
2.85 0.1903 
2.96 0.1919 
3.07 0.1938 
3.18 0.1962 
3.29 0.1988 
3.40 0.2013 
3.50 0.2034 
3.61 0.2052 
3.72 0.2080 
3.83 0.2105 
3.94 0.2138 
4.05 0.2161 
4.16 0.2191 
4.27 0.2223 
4.38 0.2253 
4.49 0.2284 
4.60 0.2318 
4.71 0.2343 
4.82 0.2370 
4.93 0.2404 
5.04 0.2445 
5.15 0.2469 
5.25 0.2502 
5.36 0.2538 
5.47 0.2569 
5.58 0.2599 
5.69 0.2630 
5.80 0.2661 
5.91 0.2693 
6.02 0.2727 
6.13 0.2754 
6.24 0.2778 
6.35 0.2823 
6.46 0.2848 
6.57 0.2879 
6.68 0.2911 
6.79 0.2944 
6.90 0.2973 
7.00 0.2992 
7.11 0.3029 
7.22 0.3060 
7.33 0.3089 
7.44 0.3118 
7.55 0.3146 
7.66 0.3168 
7.77 0.3198 
7.88 0.3222 
7.99 0.3257 
8.10 0.3283 
8.21 0.3309 
8.32 0.3341 
8.43 0.3362 
8.54 0.3382 
8.65 0.3408 
8.75 0.3440 
8.86 0.3460 
8.97 0.3482 
9.08 0.3504 
9.19 0.3536 
9.30 0.3551 
9.41 0.3576 
9.52 0.3597 
9.63 0.3622 
9.74 0.3638 
9.85 0.3655 
9.96 0.3675 
10.07 0.3695 
10.18 0.3723 
10.29 0.3741 
10.40 0.3754 
10.50 0.3773 
10.61 0.3793 
10.72 0.3814 
10.83 0.3829 
10.94 0.3848 
11.05 0.3870 
11.16 0.3884 
11.27 0.3890 
11.38 0.3908 
11.49 0.3923 
11.60 0.3944 
11.71 0.3958 
11.82 0.3968 
11.93 0.3986 
12.04 0.3999 
12.15 0.4001 
12.25 0.4029 
12.36 0.4039 
12.47 0.4052 
12.58 0.4066 
12.69 0.4073 
12.80 0.4086 
12.91 0.4105 
13.02 0.4117 
13.13 0.4126 
13.24 0.4146 
13.35 0.4159 
13.46 0.4170 
13.57 0.4179 
13.68 0.4184 
13.79 0.4202 
13.90 0.4212 
14.00 0.4222 
14.11 0.4237 
14.22 0.4231 
14.33 0.4251 
14.44 0.4261 
14.55 0.4262 
14.66 0.4273 
14.77 0.4286 
14.88 0.4302 
14.99 0.4306 
15.10 0.4307 
15.21 0.4313 
15.32 0.4329 
15.43 0.4327 
15.54 0.4329 
15.65 0.4341 
15.75 0.4345 
15.86 0.4357 
15.97 0.4364 
16.08 0.4372 
16.19 0.4380 
16.30 0.4386 
16.41 0.4395 
16.52 0.4400 
16.63 0.4408 
16.74 0.4407 
16.85 0.4416 
16.96 0.4424 
17.07 0.4419 
17.18 0.4422 
17.29 0.4434 
17.40 0.4440 
17.50 0.4441 
17.61 0.4443 
17.72 0.4453 
17.83 0.4457 
17.94 0.4456 
18.05 0.4459 
18.16 0.4466 
18.27 0.4469 
18.38 0.4485 
18.49 0.4486 
18.60 0.4490 
18.71 0.4487 
18.82 0.4486 
18.93 0.4490 
19.04 0.4497 
19.15 0.4502 
19.25 0.4506 
19.36 0.4510 
19.47 0.4506 
19.58 0.4510 
19.69 0.4516 
19.80 0.4521 
19.91 0.4531 
20.02 0.4521 
20.13 0.4518 
20.24 0.4535 
20.35 0.4533 
20.46 0.4533 
20.57 0.4541 
20.68 0.4550 
20.79 0.4543 
20.90 0.4542 
21.00 0.4544 
21.11 0.4541 
21.22 0.4553 
21.33 0.4558 
21.44 0.4553 
21.55 0.4561 
21.66 0.4551 
21.77 0.4552 
21.88 0.4553 
21.99 0.4555 
22.10 0.4558 
22.21 0.4557 
22.32 0.4562 
22.43 0.4563 
22.54 0.4562 
22.65 0.4573 
22.75 0.4551 
22.86 0.4563 
22.97 0.4565 
23.08 0.4562 
23.19 0.4561 
23.30 0.4558 
23.41 0.4565 
23.52 0.4555 
23.63 0.4557 
23.74 0.4561 
23.85 0.4562 
23.96 0.4557 
24.07 0.4564 
24.18 0.4571 
24.29 0.4566 
24.40 0.4565 
24.50 0.4575 
24.61 0.4563 
24.72 0.4566 
24.83 0.4571 
24.94 0.4557 
25.05 0.4558 
25.16 0.4566 
25.27 0.4572 
25.38 0.4564 
25.49 0.4566 
25.60 0.4560 
25.71 0.4563 
25.82 0.4573 
25.93 0.4559 
26.04 0.4563 
26.15 0.4563 
26.25 0.4566 
26.36 0.4567 
26.47 0.4566 
26.58 0.4567 
26.69 0.4561 
26.80 0.4565 
26.91 0.4563 
27.02 0.4562 
27.13 0.4563 
27.24 0.4562 
27.35 0.4567 
27.46 0.4561 
27.57 0.4558 
27.68 0.4551 
27.79 0.4554 
27.90 0.4551 
28.00 0.4550 
28.11 0.4552 
28.22 0.4549 
28.33 0.4552 
28.44 0.4562 
28.55 0.4547 
28.66 0.4542 
28.77 0.4540 
28.88 0.4551 
28.99 0.4547 
29.10 0.4552 
29.21 0.4547 
29.32 0.4530 
29.43 0.4551 
29.54 0.4540 
29.65 0.4549 
29.75 0.4539 
29.86 0.4533 
29.97 0.4533 
30.08 0.4542 
30.19 0.4539 
30.30 0.4539 
30.41 0.4530 
30.52 0.4525 
30.63 0.4525 
30.74 0.4522 
30.85 0.4524 
30.96 0.4528 
31.07 0.4526 
31.18 0.4525 
31.29 0.4517 
31.40 0.4525 
31.50 0.4533 
31.61 0.4521 
31.72 0.4517 
31.83 0.4520 
31.94 0.4511 
32.05 0.4510 
32.16 0.4507 
32.27 0.4511 
32.38 0.4499 
32.49 0.4502 
32.60 0.4497 
32.71 0.4504 
32.82 0.4498 
32.93 0.4503 
33.04 0.4499 
33.15 0.4504 
33.25 0.4502 
33.36 0.4503 
33.47 0.4493 
33.58 0.4505 
33.69 0.4491 
33.80 0.4491 
33.91 0.4498 
34.02 0.4494 
34.13 0.4492 
34.24 0.4492 
34.35 0.4485 
34.46 0.4487 
34.57 0.4478 
34.68 0.4489 
34.79 0.4488 
34.90 0.4481 
35.00 0.4479 
35.11 0.4478 
35.22 0.4476 
35.33 0.4479 
35.44 0.4469 
35.55 0.4465 
35.66 0.4467 
35.77 0.4458 
35.88 0.4449 
35.99 0.4465 
36.10 0.4455 
36.21 0.4455 
36.32 0.4451 
36.43 0.4450 
36.54 0.4454 
36.65 0.4448 
36.75 0.4449 
36.86 0.4444 
36.97 0.4449 
37.08 0.4446 
37.19 0.4444 
37.30 0.4449 
37.41 0.4433 
37.52 0.4431 
37.63 0.4440 
37.74 0.4439 
37.85 0.4439 
37.96 0.4438 
38.07 0.4433 
38.18 0.4440 
38.47 0.4433 
