321, 2,  8/26/2002
-2.18 0.2445 
-2.08 0.2451 
-1.97 0.2444 
-1.86 0.2444 
-1.75 0.2450 
-1.64 0.2447 
-1.53 0.2451 
-1.42 0.2444 
-1.31 0.2450 
-1.20 0.2446 
-1.09 0.2451 
-0.98 0.2434 
-0.87 0.2443 
-0.76 0.2438 
-0.65 0.2446 
-0.54 0.2446 
-0.43 0.2439 
-0.33 0.2444 
-0.22 0.2441 
-0.11 0.2439 
0.00 0.2437 
0.11 0.2440 
0.22 0.2443 
0.33 0.2435 
0.44 0.2448 
0.55 0.2446 
0.66 0.2437 
0.77 0.2443 
0.88 0.2441 
0.99 0.2436 
1.10 0.2445 
1.21 0.2439 
1.32 0.2441 
1.42 0.2434 
1.53 0.2442 
1.64 0.2449 
1.75 0.2449 
1.86 0.2448 
1.97 0.2447 
2.08 0.2446 
2.19 0.2452 
2.30 0.2448 
2.41 0.2446 
2.52 0.2455 
2.63 0.2446 
2.74 0.2453 
2.85 0.2452 
2.96 0.2452 
3.07 0.2455 
3.17 0.2450 
3.28 0.2444 
3.39 0.2447 
3.50 0.2448 
3.61 0.2447 
3.72 0.2446 
3.83 0.2452 
3.94 0.2439 
4.05 0.2437 
4.16 0.2441 
4.27 0.2453 
4.38 0.2448 
4.49 0.2447 
4.60 0.2449 
4.71 0.2447 
4.82 0.2449 
4.92 0.2450 
5.03 0.2445 
5.14 0.2443 
5.25 0.2446 
5.36 0.2450 
5.47 0.2448 
5.58 0.2448 
5.69 0.2446 
5.80 0.2448 
5.91 0.2448 
6.02 0.2439 
6.13 0.2436 
6.24 0.2440 
6.35 0.2443 
6.46 0.2443 
6.57 0.2446 
6.67 0.2439 
6.78 0.2439 
6.89 0.2446 
7.00 0.2447 
7.11 0.2434 
7.22 0.2432 
7.33 0.2436 
7.44 0.2434 
7.55 0.2440 
7.66 0.2430 
7.77 0.2435 
7.88 0.2439 
7.99 0.2432 
8.10 0.2435 
8.21 0.2437 
8.32 0.2437 
8.42 0.2446 
8.53 0.2442 
8.64 0.2445 
8.75 0.2447 
8.86 0.2444 
8.97 0.2438 
9.08 0.2435 
9.19 0.2439 
9.30 0.2448 
9.41 0.2444 
9.52 0.2452 
9.63 0.2443 
9.74 0.2443 
9.85 0.2433 
9.96 0.2448 
10.07 0.2442 
10.17 0.2436 
10.28 0.2448 
10.39 0.2443 
10.50 0.2442 
10.61 0.2445 
10.72 0.2437 
10.83 0.2444 
10.94 0.2439 
11.05 0.2444 
11.16 0.2445 
11.27 0.2450 
11.38 0.2441 
11.49 0.2453 
11.60 0.2447 
11.71 0.2442 
11.82 0.2450 
11.92 0.2447 
12.03 0.2443 
12.14 0.2449 
12.25 0.2452 
12.36 0.2449 
12.47 0.2447 
12.58 0.2442 
12.69 0.2441 
12.80 0.2437 
12.91 0.2442 
13.02 0.2445 
13.13 0.2442 
13.24 0.2445 
13.35 0.2461 
13.46 0.2448 
13.57 0.2450 
13.67 0.2451 
13.78 0.2451 
13.89 0.2446 
14.00 0.2456 
14.11 0.2457 
14.22 0.2449 
14.33 0.2456 
14.44 0.2458 
14.55 0.2456 
14.66 0.2454 
14.77 0.2463 
14.88 0.2447 
14.99 0.2454 
15.10 0.2458 
15.21 0.2450 
15.32 0.2452 
15.42 0.2454 
15.53 0.2448 
15.64 0.2446 
15.75 0.2455 
15.86 0.2455 
15.97 0.2451 
16.08 0.2456 
16.19 0.2451 
16.30 0.2454 
16.41 0.2451 
16.52 0.2459 
16.63 0.2454 
16.74 0.2448 
16.85 0.2447 
16.96 0.2448 
17.07 0.2450 
17.17 0.2450 
17.28 0.2448 
17.39 0.2452 
17.50 0.2452 
17.61 0.2452 
17.72 0.2448 
17.83 0.2446 
17.94 0.2451 
18.05 0.2446 
18.16 0.2452 
18.27 0.2448 
18.38 0.2451 
18.49 0.2449 
18.60 0.2443 
18.71 0.2449 
18.82 0.2450 
18.92 0.2459 
19.03 0.2446 
19.14 0.2451 
19.25 0.2446 
19.36 0.2447 
19.47 0.2455 
19.58 0.2445 
19.69 0.2445 
19.80 0.2449 
19.91 0.2447 
20.02 0.2441 
20.13 0.2454 
20.24 0.2441 
20.35 0.2444 
20.46 0.2448 
20.57 0.2440 
20.67 0.2436 
20.78 0.2438 
20.89 0.2434 
21.00 0.2435 
21.11 0.2443 
21.22 0.2439 
21.33 0.2444 
21.44 0.2449 
21.55 0.2443 
21.66 0.2443 
21.77 0.2430 
21.88 0.2440 
21.99 0.2439 
22.10 0.2446 
22.21 0.2443 
22.32 0.2442 
22.42 0.2439 
22.53 0.2447 
22.64 0.2447 
22.75 0.2445 
22.86 0.2457 
22.97 0.2440 
23.08 0.2446 
23.19 0.2444 
23.30 0.2442 
23.41 0.2453 
23.52 0.2449 
23.63 0.2449 
23.74 0.2453 
23.85 0.2451 
23.96 0.2442 
24.07 0.2446 
24.17 0.2437 
24.28 0.2450 
24.39 0.2442 
24.50 0.2446 
24.61 0.2437 
24.72 0.2444 
24.83 0.2446 
24.94 0.2444 
25.05 0.2448 
25.16 0.2449 
25.27 0.2446 
25.38 0.2442 
25.49 0.2441 
25.60 0.2443 
25.71 0.2445 
25.82 0.2451 
25.92 0.2450 
26.03 0.2451 
26.14 0.2447 
26.25 0.2450 
26.36 0.2453 
26.47 0.2449 
26.58 0.2451 
26.69 0.2452 
26.80 0.2452 
26.91 0.2446 
27.02 0.2441 
27.13 0.2449 
27.24 0.2457 
27.35 0.2450 
27.46 0.2451 
27.57 0.2453 
27.67 0.2459 
27.78 0.2445 
27.89 0.2452 
28.00 0.2451 
28.11 0.2453 
28.22 0.2450 
28.33 0.2443 
28.44 0.2447 
28.55 0.2458 
28.66 0.2447 
28.77 0.2455 
28.88 0.2451 
28.99 0.2456 
29.10 0.2452 
29.21 0.2447 
29.32 0.2451 
29.42 0.2452 
29.53 0.2455 
29.64 0.2452 
29.75 0.2449 
29.86 0.2448 
29.97 0.2446 
30.08 0.2453 
30.19 0.2445 
30.30 0.2443 
30.41 0.2446 
30.52 0.2453 
30.63 0.2450 
30.74 0.2449 
30.85 0.2450 
30.96 0.2456 
31.07 0.2449 
31.17 0.2452 
31.28 0.2454 
31.39 0.2452 
31.50 0.2448 
31.61 0.2447 
31.72 0.2456 
31.83 0.2448 
31.94 0.2447 
32.05 0.2437 
32.16 0.2451 
32.27 0.2449 
32.38 0.2442 
32.49 0.2448 
32.60 0.2440 
32.71 0.2448 
33.00 0.2448 
